     0/299     2.85G   0.05927   0.01244   0.07373    0.1454        22       640   0.02002 0.0003841 8.829e-07 2.015e-07   0.05229   0.01006   0.04912
     1/299     14.1G   0.05716   0.01099   0.07186      0.14        29       640         0         0         0         0   0.05702  0.009244    0.0491
     2/299     15.2G   0.05523   0.01165   0.07109     0.138        23       640         0         0         0         0   0.05231  0.009912   0.04781
     3/299     15.2G   0.05395   0.01179    0.0698    0.1355        25       640         0         0         0         0   0.06474  0.007659    0.1107
     4/299     15.2G   0.05369   0.01224   0.07003     0.136        25       640         0         0         0         0   0.05342  0.009735   0.05014
     5/299     15.2G   0.05214   0.01218   0.07028    0.1346        25       640         0         0         0         0   0.05031  0.009951   0.04752
     6/299     15.2G    0.0503    0.0124   0.06889    0.1316        26       640         0         0         0         0    0.0468  0.009957   0.04738
     7/299     15.2G   0.04839   0.01246   0.06825    0.1291        21       640         0         0         0         0   0.04723  0.009884   0.04751
     8/299     15.2G   0.04698   0.01281   0.06776    0.1276        35       640         0         0         0         0   0.04829   0.01015   0.04731
     9/299     15.2G   0.04456   0.01309   0.06774    0.1254        25       640         0         0         0         0   0.03673  0.009628   0.04728
    10/299     15.2G   0.04518   0.01319   0.06816    0.1265        31       640  0.001399  0.002167 8.041e-05 2.184e-05   0.04269   0.01008   0.04823
    11/299     15.2G    0.0432    0.0135   0.06916    0.1259        27       640   0.00229 0.0008391 0.0003258  0.000167   0.03328   0.00935   0.04719
    12/299     15.2G   0.04195   0.01344   0.06902    0.1244        17       640  0.004409   0.02249 0.0009569 0.0004985   0.03008  0.009184   0.04715
    13/299     15.2G   0.04066   0.01389   0.07023    0.1248        30       640  0.006115   0.01259 0.0008726 0.0004836   0.02991  0.008874   0.04717
    14/299     15.2G   0.03904   0.01384    0.0703    0.1232        18       640  0.004185   0.03225  0.001201 0.0007675   0.02702    0.0091   0.04708
    15/299     15.2G   0.03721   0.01377   0.07039    0.1214        27       640  0.004816    0.1786  0.002688  0.001591   0.02394  0.008476     0.047
    16/299     15.2G   0.03618   0.01386   0.07045    0.1205        38       640  0.004868    0.2894  0.003548   0.00206   0.02371  0.008194   0.04704
    17/299     15.2G    0.0348   0.01354   0.07046    0.1188        26       640  0.004792    0.3988  0.004573  0.002835   0.02047  0.007871   0.04698
    18/299     15.2G   0.03349   0.01341   0.07034    0.1172        40       640  0.005241    0.1439  0.005363  0.003386   0.02015  0.007513   0.04692
    19/299     15.2G   0.03258    0.0133   0.07034    0.1162        38       640  0.004804    0.4838  0.005105  0.003517   0.01876   0.00712   0.04689
    20/299     15.2G   0.03197   0.01305   0.07024    0.1153        41       640  0.005137     0.218  0.005411  0.003619   0.01926  0.006938    0.0469
    21/299     15.2G   0.03151     0.013   0.07031    0.1148        22       640  0.005394    0.2183   0.00613  0.004322   0.01675  0.006788   0.04684
    22/299     15.2G   0.03068   0.01292   0.07027    0.1139        25       640  0.005393    0.2949  0.006461  0.004407   0.01639  0.006513    0.0468
    23/299     15.2G   0.03021   0.01288   0.07017    0.1133        31       640  0.005187    0.3538  0.006696  0.004741    0.0159  0.006379   0.04678
    24/299     15.2G   0.02932   0.01273   0.07017    0.1122        32       640   0.03109     0.105  0.006344  0.004623   0.01554  0.006506   0.04677
    25/299     15.2G   0.02913   0.01252   0.07015    0.1118        34       640   0.01602    0.1956  0.008492  0.006355   0.01455  0.005927   0.04674
    26/299     15.2G   0.02842    0.0123   0.07019    0.1109        24       640   0.04655    0.1278  0.009112  0.006884   0.01438  0.005671   0.04668
    27/299     15.2G   0.02813   0.01233   0.07014    0.1106        41       640   0.01095    0.2246  0.008646  0.006385   0.01464  0.005745   0.04666
    28/299     15.2G   0.02765   0.01226    0.0701      0.11        43       640  0.006563    0.2753  0.008924  0.006866   0.01365   0.00553   0.04661
    29/299     15.2G   0.02725    0.0123   0.07008    0.1096        30       640     0.057    0.1907  0.009724  0.007487   0.01302   0.00527   0.04659
    30/299     15.2G     0.027   0.01223   0.07008    0.1093        23       640   0.08788    0.1416   0.01018  0.007831   0.01298  0.005382   0.04656
    31/299     15.2G   0.02654    0.0119    0.0699    0.1083        23       640   0.07288    0.1465  0.009896  0.007592   0.01275  0.005368   0.04646
    32/299     15.2G   0.02664   0.01188    0.0698    0.1083        18       640    0.2142    0.0908   0.01001  0.007762   0.01251  0.005119   0.04647
    33/299     15.2G     0.026   0.01204   0.06985    0.1079        30       640   0.09725    0.1643   0.01105  0.008783   0.01229    0.0051   0.04647
    34/299     15.2G   0.02575   0.01191    0.0698    0.1075        32       640   0.07757    0.2457   0.01142  0.008774   0.01198   0.00496   0.04635
    35/299     15.2G   0.02543   0.01189    0.0697     0.107        25       640    0.0334    0.2906   0.01236  0.009658   0.01188  0.004807    0.0463
    36/299     15.2G   0.02509   0.01181   0.06946    0.1064        25       640   0.04389     0.231   0.01257  0.009966   0.01126  0.004765   0.04618
    37/299     15.2G   0.02506   0.01171   0.06949    0.1063        29       640    0.1231    0.2129   0.01333   0.01054   0.01133  0.004753   0.04601
    38/299     15.2G   0.02508   0.01164   0.06943    0.1061        28       640   0.02849      0.32   0.01351    0.0108   0.01101  0.004661   0.04601
    39/299     15.2G   0.02467   0.01163   0.06905    0.1054        37       640   0.03214    0.3147   0.01499   0.01177   0.01125   0.00478   0.04581
    40/299     15.2G    0.0248   0.01177   0.06912    0.1057        33       640   0.07406    0.2512   0.01534    0.0119    0.0109  0.004686   0.04565
    41/299     15.2G   0.02444   0.01153   0.06902     0.105        20       640   0.06973    0.2728   0.01671   0.01296   0.01091  0.004631   0.04553
    42/299     15.2G   0.02398   0.01145   0.06882    0.1042        30       640    0.1351    0.2371   0.01733   0.01343    0.0106  0.004384   0.04534
    43/299     15.2G   0.02421   0.01134   0.06864    0.1042        31       640    0.2155    0.2071   0.01855   0.01478   0.01062  0.004479   0.04518
    44/299     15.2G    0.0237   0.01158   0.06833    0.1036        36       640    0.3511    0.1619   0.01995   0.01557   0.01047  0.004526   0.04493
    45/299     15.2G   0.02367   0.01146   0.06829    0.1034        29       640    0.2367    0.2454   0.02073   0.01618   0.01021  0.004332   0.04475
    46/299     15.2G   0.02328   0.01142   0.06799    0.1027        19       640   0.07635    0.4139   0.02105   0.01661   0.01018  0.004366   0.04448
    47/299     15.2G   0.02326   0.01129   0.06787    0.1024        27       640    0.3731    0.1767   0.02212   0.01749  0.009967  0.004268   0.04436
    48/299     15.2G   0.02323   0.01124   0.06756     0.102        27       640     0.345    0.2003   0.02414   0.01886   0.01007  0.004299    0.0441
    49/299     15.2G   0.02333   0.01132   0.06736     0.102        26       640   0.04269    0.4911   0.02431   0.01925  0.009973  0.004269   0.04388
    50/299     15.2G   0.02364   0.01132   0.06695    0.1019        25       640   0.05868     0.469   0.02594   0.02055  0.009935  0.004146    0.0437
    51/299     15.2G   0.02287   0.01126   0.06665    0.1008        37       640    0.1154    0.3747   0.02843   0.02296  0.009822  0.004194   0.04343
    52/299     15.2G   0.02325   0.01105   0.06657    0.1009        36       640   0.04611    0.4882   0.02867   0.02318  0.009783   0.00416   0.04325
    53/299     15.2G   0.02321   0.01115   0.06612    0.1005        28       640    0.1858     0.295   0.03041   0.02492   0.00972   0.00412   0.04299
    54/299     15.2G   0.02283    0.0112   0.06592   0.09995        30       640    0.1855    0.2893   0.03193   0.02601  0.009603  0.004105   0.04276
    55/299     15.2G   0.02274   0.01109   0.06579   0.09962        21       640    0.1813    0.2744   0.03445    0.0279  0.009532  0.004036   0.04249
    56/299     15.2G   0.02289   0.01117   0.06551   0.09958        26       640    0.3083    0.1999   0.03626   0.02989  0.009426  0.004019   0.04238
    57/299     15.2G   0.02299   0.01114   0.06523   0.09936        34       640    0.1239    0.3465   0.03663   0.02987  0.009422  0.004007   0.04217
    58/299     15.2G   0.02237   0.01114   0.06484   0.09836        24       640    0.1568    0.3064   0.04157   0.03451  0.009288  0.003955   0.04179
    59/299     15.2G   0.02264   0.01092   0.06418   0.09773        23       640    0.1841     0.286   0.04287   0.03495  0.009146  0.003962   0.04146
    60/299     15.2G   0.02261   0.01087   0.06442   0.09789        30       640    0.1908    0.2584    0.0456   0.03723  0.009176   0.00394   0.04119
    61/299     15.2G   0.02265   0.01084   0.06377   0.09727        20       640    0.3006    0.1973    0.0489   0.04057  0.009151  0.003929    0.0408
    62/299     15.2G   0.02277   0.01096   0.06378   0.09751        31       640    0.2251    0.2433   0.05272    0.0437  0.009059  0.003917    0.0405
    63/299     15.2G   0.02265   0.01084   0.06349   0.09698        37       640    0.3027    0.2043   0.05341   0.04448  0.008991  0.003938   0.04025
    64/299     15.2G   0.02272     0.011   0.06319   0.09691        25       640    0.1875    0.2907   0.05583   0.04658  0.008964  0.003896   0.04003
    65/299     15.2G   0.02234   0.01088   0.06263   0.09585        32       640    0.2561    0.2459   0.05935   0.04881  0.008925  0.003845   0.03972
    66/299     15.2G   0.02239   0.01074   0.06249   0.09562        41       640    0.2722     0.245   0.06299   0.05219   0.00887  0.003856   0.03931
    67/299     15.2G   0.02222    0.0108   0.06217   0.09519        17       640    0.2563    0.2499   0.06453   0.05342   0.00874  0.003798   0.03906
    68/299     15.2G   0.02217   0.01075   0.06183   0.09474        16       640    0.2102     0.324   0.07131   0.05904  0.008689  0.003766   0.03877
    69/299     15.2G    0.0221   0.01088   0.06156   0.09455        23       640    0.2763    0.2635   0.07704     0.064  0.008745  0.003755   0.03833
    70/299     15.2G    0.0222   0.01056   0.06126   0.09402        30       640     0.239    0.2586   0.07875   0.06522  0.008708  0.003759   0.03799
    71/299     15.2G   0.02213    0.0106   0.06098   0.09371        38       640     0.215    0.3039   0.08257   0.06911  0.008655  0.003734   0.03755
    72/299     15.2G   0.02193   0.01067   0.06032   0.09292        27       640    0.2626    0.2719   0.08793   0.07324  0.008685  0.003765   0.03726
    73/299     15.2G   0.02212   0.01078   0.06023   0.09312        25       640      0.23    0.3179   0.09255   0.07742  0.008627  0.003734   0.03681
    74/299     15.2G   0.02216   0.01065   0.06006   0.09287        19       640    0.2419    0.3078   0.09811   0.08241  0.008639  0.003734   0.03644
    75/299     15.2G   0.02204   0.01067   0.05961   0.09233        31       640    0.2681    0.3074    0.1011   0.08538  0.008566  0.003723    0.0361
    76/299     15.2G   0.02172   0.01066   0.05898   0.09136        45       640    0.2947    0.2829    0.1085   0.09091  0.008618  0.003675   0.03572
    77/299     15.2G   0.02227   0.01073   0.05875   0.09175        31       640     0.234    0.3311    0.1188       0.1  0.008485  0.003655   0.03516
    78/299     15.2G   0.02197   0.01065    0.0585   0.09111        25       640    0.2299    0.3319    0.1241    0.1049  0.008515  0.003629   0.03479
    79/299     15.2G   0.02196   0.01056   0.05815   0.09067        31       640     0.187    0.3857    0.1308    0.1106  0.008507  0.003623   0.03448
    80/299     15.2G   0.02195   0.01065   0.05785   0.09045        37       640    0.2173     0.357    0.1413    0.1194   0.00848  0.003606   0.03418
    81/299     15.2G   0.02221   0.01054   0.05771   0.09047        21       640      0.29    0.3403    0.1497    0.1268  0.008444  0.003584   0.03376
    82/299     15.2G    0.0221   0.01053   0.05728   0.08992        17       640    0.2382    0.3826    0.1549     0.131  0.008399  0.003584   0.03346
    83/299     15.2G   0.02193   0.01059     0.057   0.08951        25       640     0.272    0.3421    0.1628     0.138  0.008316  0.003547   0.03314
    84/299     15.2G   0.02204   0.01049   0.05666   0.08919        23       640    0.2118    0.3944    0.1691    0.1428  0.008371  0.003561   0.03279
    85/299     15.2G    0.0219   0.01047   0.05617   0.08854        28       640    0.1982    0.4236    0.1759     0.149  0.008344  0.003556   0.03248
    86/299     15.2G   0.02166   0.01047   0.05574   0.08787        34       640    0.2061    0.4242    0.1882    0.1597  0.008382   0.00356   0.03207
    87/299     15.2G   0.02176    0.0106   0.05557   0.08793        30       640    0.2021    0.4359    0.1931    0.1635  0.008365  0.003541   0.03184
    88/299     15.2G   0.02184   0.01043   0.05522   0.08749        31       640    0.1607    0.4695    0.1989    0.1687   0.00834  0.003521   0.03158
    89/299     15.2G   0.02231   0.01046   0.05501   0.08777        34       640    0.1715    0.4703    0.2069    0.1754  0.008367  0.003529   0.03123
    90/299     15.2G   0.02166   0.01027   0.05446   0.08639        37       640    0.1835    0.4653    0.2143    0.1825  0.008288  0.003529   0.03092
    91/299     15.2G   0.02193   0.01046   0.05425   0.08664        31       640     0.186    0.4676    0.2231    0.1902  0.008263  0.003521   0.03062
    92/299     15.2G   0.02152   0.01034   0.05372   0.08558        39       640    0.1882    0.4794    0.2358    0.2016  0.008227  0.003487   0.03029
    93/299     15.2G   0.02176   0.01024   0.05344   0.08544        28       640    0.2116    0.4466    0.2398    0.2047  0.008196  0.003479   0.03006
    94/299     15.2G   0.02187   0.01029   0.05334    0.0855        20       640    0.2186    0.4705    0.2517    0.2142  0.008187  0.003476   0.02967
    95/299     15.2G   0.02155   0.01025   0.05284   0.08465        28       640    0.2192    0.4578    0.2561    0.2175  0.008175  0.003444   0.02941
    96/299     15.2G   0.02178   0.01033   0.05275   0.08486        28       640    0.2066     0.488    0.2619    0.2226   0.00817  0.003439   0.02918
    97/299     15.2G    0.0219   0.01039   0.05204   0.08432        29       640    0.2284    0.4584    0.2708    0.2305  0.008125  0.003417   0.02896
    98/299     15.2G   0.02185   0.01028   0.05211   0.08424        29       640      0.22    0.4717    0.2755    0.2346  0.008104  0.003416   0.02866
    99/299     15.2G   0.02167   0.01041   0.05162   0.08369        40       640    0.2653    0.4261    0.2826    0.2402  0.008098  0.003435   0.02845
   100/299     15.2G   0.02144   0.01032    0.0516   0.08336        25       640    0.2654    0.4437     0.293    0.2498  0.008083   0.00344   0.02813
   101/299     15.2G   0.02172   0.01026   0.05128   0.08325        35       640    0.2654    0.4581     0.306    0.2606  0.008085  0.003429   0.02781
   102/299     15.2G   0.02182   0.01015    0.0508   0.08277        24       640    0.2514    0.4716    0.3181    0.2719  0.008066  0.003417   0.02752
   103/299     15.2G   0.02145   0.01025   0.05035   0.08205        30       640    0.2727    0.4757    0.3267    0.2786  0.008068  0.003409   0.02733
   104/299     15.2G   0.02141   0.01016   0.04991   0.08147        33       640    0.2833    0.4839    0.3364     0.287  0.008029  0.003383   0.02707
   105/299     15.2G   0.02148   0.01016   0.04994   0.08157        28       640    0.3007    0.4748    0.3461     0.296  0.007995  0.003362   0.02673
   106/299     15.2G   0.02161   0.01038    0.0496   0.08159        34       640    0.3128    0.4767    0.3563    0.3045  0.007997  0.003367   0.02645
   107/299     15.2G   0.02174   0.01026   0.04943   0.08143        20       640    0.3175    0.4874    0.3662    0.3125  0.007977  0.003365   0.02616
   108/299     15.2G   0.02161    0.0102   0.04896   0.08077        26       640    0.3055    0.4992    0.3728    0.3177  0.007955  0.003356   0.02591
   109/299     15.2G   0.02165   0.01013   0.04816   0.07994        22       640    0.3254    0.5047    0.3813    0.3253  0.007947   0.00333   0.02559
   110/299     15.2G   0.02126   0.01004   0.04849   0.07979        22       640    0.3495      0.49    0.3921     0.335  0.007918   0.00332   0.02529
   111/299     15.2G   0.02141   0.01011   0.04787   0.07939        32       640    0.3346    0.5188    0.3991    0.3411  0.007922  0.003322   0.02503
   112/299     15.2G   0.02183   0.01015   0.04792    0.0799        47       640     0.362    0.5101    0.4086    0.3497  0.007914  0.003306   0.02476
   113/299     15.2G    0.0217   0.01006   0.04753    0.0793        31       640     0.308     0.574    0.4164    0.3576  0.007911  0.003301   0.02448
   114/299     15.2G   0.02155  0.009891   0.04701   0.07845        27       640    0.3521    0.5564    0.4249    0.3653   0.00791  0.003292    0.0242
   115/299     15.2G   0.02164  0.009994   0.04686   0.07849        30       640     0.411    0.4992     0.433    0.3721  0.007892  0.003282   0.02396
   116/299     15.2G   0.02131   0.01009   0.04645   0.07785        42       640    0.4196    0.5103    0.4411    0.3788   0.00788  0.003279    0.0237
   117/299     15.2G   0.02181   0.01004    0.0466   0.07846        33       640    0.4082    0.5296    0.4502    0.3859   0.00792  0.003284   0.02352
   118/299     15.2G   0.02147      0.01   0.04604   0.07751        39       640    0.4283    0.5256      0.46    0.3947   0.00792   0.00329   0.02328
   119/299     15.2G   0.02155  0.009897   0.04576   0.07721        33       640    0.4291    0.5377    0.4704     0.404  0.007908  0.003288   0.02305
   120/299     15.2G   0.02163  0.009964   0.04579   0.07739        22       640    0.4265    0.5494    0.4799    0.4119  0.007881  0.003279   0.02281
   121/299     15.2G   0.02162  0.009926   0.04558   0.07713        42       640    0.4385    0.5368    0.4865    0.4183  0.007844  0.003276   0.02258
   122/299     15.2G   0.02151  0.009822   0.04472   0.07605        32       640     0.406    0.5796    0.4939    0.4251  0.007813   0.00327   0.02234
   123/299     15.2G   0.02153  0.009873   0.04429    0.0757        26       640    0.4561    0.5372    0.5027    0.4328  0.007794  0.003259   0.02214
   124/299     15.2G   0.02163  0.009849   0.04421    0.0757        32       640     0.426    0.5768    0.5101    0.4388  0.007798  0.003258   0.02194
   125/299     15.2G   0.02161  0.009778   0.04433   0.07571        25       640    0.4364    0.5717    0.5168    0.4449  0.007799  0.003254   0.02172
   126/299     15.2G   0.02136  0.009715   0.04408   0.07515        22       640    0.4428    0.5767    0.5253    0.4518  0.007796  0.003251    0.0215
   127/299     15.2G   0.02154  0.009792   0.04344   0.07477        30       640    0.4442    0.5877    0.5315    0.4564  0.007799   0.00325   0.02133
   128/299     15.2G   0.02155  0.009752   0.04324   0.07455        29       640    0.4457    0.6015     0.537    0.4613  0.007795   0.00325   0.02114
   129/299     15.2G   0.02174  0.009799   0.04343   0.07497        24       640    0.4668    0.5864    0.5438    0.4673  0.007791  0.003244   0.02096
   130/299     15.2G   0.02165  0.009702   0.04324    0.0746        26       640    0.4748    0.5877    0.5498    0.4732   0.00779  0.003242   0.02077
   131/299     15.2G   0.02172  0.009807   0.04265   0.07417        28       640    0.4745    0.5996    0.5567    0.4792  0.007779  0.003236   0.02056
   132/299     15.2G    0.0214  0.009694    0.0422    0.0733        40       640    0.4835    0.6025    0.5632    0.4847  0.007758  0.003228   0.02036
   133/299     15.2G   0.02125  0.009716     0.042   0.07297        20       640     0.481    0.6097     0.569    0.4904  0.007744  0.003224   0.02017
   134/299     15.2G   0.02138  0.009717   0.04192   0.07301        30       640    0.5201    0.5871    0.5749    0.4957  0.007725  0.003219   0.01999
   135/299     15.2G   0.02183   0.00974    0.0424   0.07397        22       640    0.4968    0.6139    0.5817    0.5019  0.007712  0.003212   0.01981
   136/299     15.2G   0.02144  0.009642   0.04214   0.07322        23       640    0.5129    0.6129    0.5862     0.506  0.007696  0.003206   0.01966
   137/299     15.2G    0.0216  0.009661    0.0413   0.07256        31       640    0.5411    0.5953    0.5924    0.5113  0.007691  0.003204   0.01948
   138/299     15.2G   0.02141   0.00968    0.0413   0.07239        36       640    0.5324    0.6097     0.598     0.516  0.007683  0.003201   0.01932
   139/299     15.2G   0.02151  0.009571   0.04087   0.07195        23       640    0.5299    0.6182    0.6028    0.5201  0.007677  0.003198   0.01917
   140/299     15.2G   0.02152  0.009418   0.04074   0.07168        35       640    0.5503     0.607    0.6072    0.5243  0.007669  0.003193   0.01903
   141/299     15.2G   0.02127  0.009398   0.04058   0.07124        36       640    0.5346     0.627    0.6125    0.5291  0.007657   0.00319   0.01889
   142/299     15.2G   0.02147  0.009415   0.04022    0.0711        21       640    0.5547    0.6183    0.6167    0.5333  0.007646  0.003187   0.01877
   143/299     15.2G   0.02129  0.009585   0.04069   0.07157        25       640    0.5444    0.6312    0.6199    0.5358  0.007645  0.003187   0.01863
   144/299     15.2G   0.02128  0.009445   0.03983   0.07055        31       640    0.5554    0.6261    0.6238    0.5386   0.00764  0.003186   0.01852
   145/299     15.2G   0.02157  0.009645   0.03997   0.07119        24       640    0.5583    0.6304     0.627    0.5421   0.00763  0.003181   0.01842
   146/299     15.2G   0.02142  0.009447   0.03923    0.0701        31       640    0.5789    0.6174    0.6311     0.546   0.00762  0.003176    0.0183
   147/299     15.2G   0.02105  0.009372   0.03937    0.0698        31       640    0.5597    0.6368    0.6343     0.549  0.007613  0.003171   0.01819
   148/299     15.2G   0.02142  0.009341   0.03925   0.07001        32       640    0.5627    0.6403    0.6389    0.5532  0.007605   0.00317   0.01807
   149/299     15.2G   0.02137  0.009276   0.03885   0.06949        30       640    0.5682     0.644    0.6433    0.5569  0.007602  0.003169   0.01795
   150/299     15.2G   0.02146  0.009289   0.03951   0.07025        27       640    0.5661     0.646     0.647    0.5609  0.007595  0.003166   0.01786
   151/299     15.2G    0.0217  0.009446   0.03889   0.07003        36       640    0.5686    0.6532    0.6504    0.5639  0.007588  0.003164   0.01776
   152/299     15.2G   0.02147  0.009354   0.03816   0.06899        31       640    0.5744    0.6507    0.6531     0.566  0.007581  0.003161   0.01766
   153/299     15.2G   0.02133  0.009333   0.03821   0.06887        30       640    0.5812    0.6571     0.656    0.5686  0.007573  0.003157   0.01756
   154/299     15.2G   0.02144  0.009362   0.03801   0.06881        31       640    0.5918     0.648     0.659    0.5711  0.007563  0.003153   0.01746
   155/299     15.2G   0.02132  0.009205   0.03761   0.06813        36       640    0.5883    0.6566    0.6622    0.5742  0.007555  0.003151   0.01737
   156/299     15.2G   0.02087  0.009177   0.03755    0.0676        26       640    0.5823    0.6697    0.6653    0.5768  0.007549  0.003149   0.01728
   157/299     15.2G    0.0212    0.0092   0.03765   0.06805        26       640    0.5568    0.6935    0.6678    0.5792  0.007546  0.003146    0.0172
   158/299     15.2G   0.02159  0.009218   0.03763   0.06843        34       640    0.5907     0.672     0.671     0.582  0.007543  0.003144   0.01711
   159/299     15.2G   0.02139  0.009359   0.03784   0.06859        33       640     0.588    0.6789    0.6741    0.5845   0.00754  0.003142   0.01703
   160/299     15.2G   0.02109  0.009142   0.03725   0.06749        26       640    0.5828    0.6883    0.6761    0.5868  0.007534  0.003139   0.01695
   161/299     15.2G   0.02112  0.009244   0.03735   0.06771        22       640    0.5943    0.6809    0.6782    0.5892  0.007531  0.003136   0.01687
   162/299     15.2G   0.02144  0.009333   0.03714   0.06791        39       640    0.5887     0.692    0.6809    0.5912  0.007532  0.003135   0.01679
   163/299     15.2G   0.02102  0.009071   0.03661    0.0667        32       640    0.6068    0.6767    0.6831    0.5933  0.007527  0.003133   0.01671
   164/299     15.2G   0.02104  0.009152   0.03622   0.06641        20       640    0.6068    0.6807    0.6856    0.5955  0.007524   0.00313   0.01663
   165/299     15.2G   0.02114  0.009039   0.03614   0.06632        33       640    0.6059    0.6883    0.6876    0.5975   0.00752  0.003128   0.01655
   166/299     15.2G   0.02088  0.008903   0.03558   0.06537        34       640    0.6248    0.6736    0.6903    0.6002  0.007515  0.003126   0.01648
   167/299     15.2G   0.02141  0.009069   0.03598   0.06647        29       640    0.5965    0.6999    0.6926    0.6022  0.007508  0.003124    0.0164
   168/299     15.2G   0.02067  0.009166   0.03563   0.06546        19       640    0.6295    0.6792    0.6952    0.6043    0.0075  0.003122   0.01633
   169/299     15.2G   0.02079  0.008905   0.03521    0.0649        33       640    0.6338    0.6798    0.6979    0.6067  0.007494   0.00312   0.01627
   170/299     15.2G   0.02106  0.009081   0.03541   0.06555        27       640    0.6374    0.6796       0.7    0.6089  0.007489  0.003119    0.0162
   171/299     15.2G   0.02098  0.008991   0.03572   0.06569        30       640    0.6407    0.6816     0.702    0.6107  0.007485  0.003117   0.01614
   172/299     15.2G   0.02106  0.009061   0.03514   0.06526        26       640     0.647    0.6787    0.7039    0.6128  0.007482  0.003116   0.01607
   173/299     15.2G   0.02082  0.008862   0.03473   0.06441        28       640    0.5975    0.7276    0.7064    0.6148  0.007478  0.003113   0.01601
   174/299     15.2G   0.02082  0.008907   0.03473   0.06446        22       640    0.6059    0.7217    0.7081    0.6165  0.007476  0.003111   0.01594
   175/299     15.2G   0.02055  0.008953   0.03473   0.06423        16       640    0.6532    0.6858    0.7101    0.6183  0.007472   0.00311   0.01588
   176/299     15.2G   0.02079  0.008947   0.03468   0.06442        34       640    0.6412    0.6961    0.7121    0.6203  0.007467  0.003108   0.01582
   177/299     15.2G   0.02081  0.008815   0.03443   0.06405        30       640    0.6355    0.7007    0.7136    0.6216  0.007463  0.003106   0.01577
   178/299     15.2G   0.02028  0.008817   0.03396   0.06306        19       640    0.6146    0.7281     0.715    0.6229   0.00746  0.003104   0.01571
   179/299     15.2G   0.02036  0.008723   0.03316   0.06224        26       640    0.6248    0.7224    0.7166    0.6246  0.007458  0.003103   0.01566
   180/299     15.2G   0.02065  0.008804   0.03389   0.06335        34       640     0.628    0.7242    0.7182    0.6259  0.007454  0.003101   0.01561
   181/299     15.2G   0.02029  0.008715   0.03351   0.06251        32       640    0.6285    0.7269    0.7199    0.6274   0.00745  0.003099   0.01555
   182/299     15.2G   0.02059  0.008809   0.03343   0.06282        31       640    0.6297    0.7287    0.7216    0.6289  0.007446  0.003097    0.0155
   183/299     15.2G   0.02049  0.008755   0.03341   0.06266        27       640    0.6342    0.7266    0.7234    0.6304  0.007443  0.003096   0.01545
   184/299     15.2G   0.02064  0.008791   0.03343   0.06286        22       640    0.6353    0.7293    0.7253    0.6318  0.007439  0.003095    0.0154
   185/299     15.2G   0.02022  0.008774   0.03307   0.06207        30       640    0.6414    0.7262    0.7267    0.6332  0.007436  0.003094   0.01535
   186/299     15.2G   0.02035  0.008713   0.03243   0.06149        20       640    0.6444    0.7251     0.728    0.6345  0.007433  0.003092    0.0153
   187/299     15.2G   0.02027  0.008556   0.03275   0.06157        26       640    0.6365    0.7365    0.7292    0.6357  0.007431  0.003091   0.01526
   188/299     15.2G    0.0202   0.00861   0.03283   0.06164        39       640     0.638    0.7377    0.7306    0.6369  0.007429   0.00309   0.01522
   189/299     15.2G   0.02042  0.008795   0.03299   0.06221        26       640    0.6399    0.7371    0.7317    0.6379  0.007426   0.00309   0.01518
   190/299     15.2G   0.02026  0.008653   0.03236   0.06127        42       640    0.6453    0.7357    0.7331    0.6392  0.007424  0.003089   0.01514
   191/299     15.2G   0.02026  0.008571   0.03275   0.06158        24       640    0.6458    0.7369    0.7343    0.6403  0.007422  0.003088   0.01509
   192/299     15.2G   0.02007  0.008628   0.03214   0.06085        35       640    0.6524     0.732    0.7355    0.6415  0.007421  0.003087   0.01506
   193/299     15.2G   0.02033  0.008583   0.03271   0.06162        41       640     0.658    0.7269    0.7364    0.6422  0.007419  0.003086   0.01502
   194/299     15.2G   0.02001  0.008619   0.03168    0.0603        32       640    0.6652    0.7228    0.7376    0.6433  0.007415  0.003085   0.01498
   195/299     15.2G   0.02055  0.008555   0.03225   0.06135        23       640    0.6674    0.7217    0.7386    0.6442  0.007413  0.003084   0.01494
   196/299     15.2G   0.02028  0.008552   0.03221   0.06105        26       640    0.6675    0.7231    0.7399    0.6454  0.007409  0.003083   0.01491
   197/299     15.2G   0.01982  0.008669   0.03133   0.05982        28       640    0.6703    0.7212    0.7409    0.6462  0.007407  0.003082   0.01487
   198/299     15.2G   0.02009  0.008372   0.03155   0.06001        36       640    0.6689    0.7249    0.7417     0.647  0.007403  0.003081   0.01484
   199/299     15.2G      0.02  0.008471   0.03132   0.05978        30       640    0.6681    0.7285    0.7425    0.6478    0.0074   0.00308    0.0148
   200/299     15.2G   0.01963  0.008551   0.03069   0.05887        35       640    0.6662    0.7333    0.7438    0.6492  0.007397  0.003079   0.01477
   201/299     15.2G   0.02003  0.008556   0.03151   0.06009        30       640      0.67    0.7305    0.7444    0.6496  0.007394  0.003078   0.01474
   202/299     15.2G   0.02015  0.008404   0.03052   0.05907        26       640    0.6729    0.7286    0.7457    0.6508   0.00739  0.003077   0.01471
   203/299     15.2G   0.01987  0.008302     0.031   0.05918        22       640    0.6681    0.7359    0.7465    0.6516  0.007386  0.003076   0.01467
   204/299     15.2G   0.01975  0.008442     0.031    0.0592        33       640    0.6692    0.7367    0.7474    0.6524  0.007382  0.003075   0.01464
   205/299     15.2G    0.0198  0.008345   0.03021   0.05836        30       640    0.6751    0.7327    0.7484    0.6535  0.007379  0.003075   0.01461
   206/299     15.2G   0.01994  0.008383   0.03087   0.05919        30       640    0.6727    0.7373    0.7492    0.6542  0.007376  0.003074   0.01458
   207/299     15.2G   0.01961  0.008366   0.03089   0.05886        38       640    0.6664    0.7467    0.7503     0.655  0.007373  0.003073   0.01455
   208/299     15.2G   0.02004  0.008366   0.03074   0.05915        22       640     0.671    0.7448    0.7509    0.6553   0.00737  0.003072   0.01452
   209/299     15.2G   0.01962  0.008266   0.03009   0.05797        43       640    0.6714    0.7463    0.7518    0.6566  0.007367  0.003071   0.01449
   210/299     15.2G   0.01993  0.008215   0.03024   0.05838        35       640    0.6704    0.7479    0.7525    0.6571  0.007365  0.003071   0.01446
   211/299     15.2G   0.01961  0.008313   0.03005   0.05797        31       640    0.6819    0.7367    0.7534    0.6578  0.007363   0.00307   0.01443
   212/299     15.2G    0.0195  0.008147   0.02957   0.05722        28       640    0.6851    0.7346    0.7543    0.6585   0.00736  0.003069    0.0144
   213/299     15.2G   0.01953  0.008229   0.02969   0.05745        39       640    0.6866    0.7347    0.7548    0.6591  0.007357  0.003068   0.01437
   214/299     15.2G   0.01946  0.008251   0.02971   0.05741        29       640    0.6881    0.7349    0.7556    0.6598  0.007354  0.003068   0.01435
   215/299     15.2G   0.01926  0.008157   0.02913   0.05655        37       640    0.6894    0.7353    0.7567    0.6609  0.007353  0.003067   0.01432
   216/299     15.2G   0.01936  0.008161   0.02958    0.0571        32       640    0.6927    0.7334    0.7574    0.6617   0.00735  0.003067   0.01429
   217/299     15.2G    0.0194  0.008231   0.02937     0.057        20       640    0.6946    0.7332    0.7582    0.6625  0.007349  0.003066   0.01426
   218/299     15.2G   0.01946   0.00818   0.02987   0.05751        24       640    0.6948    0.7348    0.7591    0.6633  0.007347  0.003066   0.01423
   219/299     15.2G   0.01936  0.007977   0.02879   0.05612        23       640    0.6978    0.7339    0.7601    0.6641  0.007346  0.003066    0.0142
   220/299     15.2G   0.01937   0.00811   0.02943    0.0569        36       640    0.6987    0.7339    0.7608    0.6648  0.007344  0.003066   0.01418
   221/299     15.2G   0.01944  0.008036    0.0288   0.05627        24       640    0.7005    0.7334    0.7615    0.6655  0.007342  0.003065   0.01415
   222/299     15.2G   0.01957   0.00807   0.02931   0.05695        27       640    0.7037    0.7308     0.762    0.6661   0.00734  0.003065   0.01412
   223/299     15.2G   0.01922  0.008094   0.02869     0.056        41       640    0.7102    0.7301    0.7627    0.6665  0.007339  0.003064    0.0141
   224/299     15.2G   0.01906  0.008015   0.02846   0.05553        28       640    0.7113    0.7302    0.7636    0.6672  0.007338  0.003064   0.01407
   225/299     15.2G   0.01874  0.007931   0.02811   0.05478        25       640    0.7156    0.7269    0.7642    0.6677  0.007337  0.003063   0.01404
   226/299     15.2G   0.01919  0.007836   0.02855   0.05558        35       640    0.7129    0.7305    0.7651    0.6683  0.007337  0.003063   0.01402
   227/299     15.2G   0.01934  0.008107   0.02876   0.05621        28       640     0.714    0.7303    0.7658    0.6689  0.007336  0.003062   0.01399
   228/299     15.2G   0.01894  0.007989   0.02836   0.05528        29       640    0.7144    0.7309    0.7665    0.6696  0.007335  0.003062   0.01397
   229/299     15.2G   0.01907  0.008009   0.02863   0.05571        40       640    0.7304    0.7181    0.7671    0.6702  0.007334  0.003061   0.01394
   230/299     15.2G   0.01928  0.007894    0.0279   0.05508        49       640    0.7165    0.7309    0.7679    0.6706  0.007333  0.003061   0.01392
   231/299     15.2G   0.01913  0.008034   0.02832   0.05548        34       640    0.7188    0.7304    0.7683    0.6713   0.00733  0.003061   0.01389
   232/299     15.2G   0.01904  0.007974   0.02804   0.05506        18       640    0.7199    0.7302     0.769    0.6717  0.007328   0.00306   0.01387
   233/299     15.2G   0.01865  0.007818   0.02756   0.05403        27       640    0.7225    0.7288    0.7696    0.6723  0.007326   0.00306   0.01384
   234/299     15.2G   0.01892  0.007834   0.02788   0.05463        26       640    0.7333    0.7205    0.7701    0.6729  0.007323   0.00306   0.01382
   235/299     15.2G   0.01928  0.007883   0.02732   0.05449        34       640    0.7345    0.7207    0.7707    0.6738  0.007322  0.003059   0.01379
   236/299     15.2G   0.01932  0.007759   0.02712    0.0542        28       640    0.7365    0.7208    0.7711    0.6741  0.007321  0.003059   0.01377
   237/299     15.2G   0.01875  0.007743   0.02712   0.05361        36       640    0.7361    0.7221    0.7718    0.6745  0.007319  0.003059   0.01374
   238/299     15.2G   0.01879  0.007719   0.02718   0.05369        38       640    0.7352    0.7239    0.7723    0.6752  0.007319  0.003059   0.01372
   239/299     15.2G   0.01895  0.007775   0.02798    0.0547        28       640    0.7431    0.7186    0.7729    0.6757  0.007318  0.003058    0.0137
   240/299     15.2G   0.01818  0.007748   0.02657    0.0525        24       640    0.7468    0.7171    0.7736    0.6761  0.007316  0.003058   0.01367
   241/299     15.2G   0.01887  0.007701   0.02723    0.0538        20       640      0.74    0.7228    0.7741    0.6768  0.007315  0.003057   0.01365
   242/299     15.2G   0.01858  0.007666   0.02659   0.05283        30       640    0.7161    0.7406    0.7748    0.6774  0.007313  0.003057   0.01362
   243/299     15.2G   0.01888  0.007817    0.0267   0.05341        25       640    0.7158    0.7419    0.7754    0.6781  0.007313  0.003057    0.0136
   244/299     15.2G   0.01828  0.007668   0.02676   0.05271        26       640    0.7421    0.7245    0.7761    0.6785  0.007312  0.003057   0.01358
   245/299     15.2G   0.01816   0.00768    0.0263   0.05214        34       640    0.7361    0.7305    0.7765    0.6788  0.007312  0.003056   0.01356
   246/299     15.2G   0.01809  0.007682   0.02593    0.0517        30       640    0.7406    0.7267    0.7771    0.6792  0.007311  0.003056   0.01353
   247/299     15.2G   0.01844  0.007612    0.0266   0.05265        31       640    0.7397    0.7284    0.7778      0.68   0.00731  0.003055   0.01351
   248/299     15.2G   0.01845  0.007662   0.02654   0.05265        26       640    0.7386    0.7308    0.7782    0.6803  0.007309  0.003055   0.01349
   249/299     15.2G   0.01837  0.007488   0.02608   0.05194        22       640     0.737    0.7334     0.779     0.681  0.007308  0.003055   0.01346
   250/299     15.2G   0.01812   0.00755   0.02592   0.05159        26       640     0.732    0.7388    0.7794    0.6814  0.007307  0.003055   0.01344
   251/299     15.2G   0.01845  0.007604   0.02599   0.05205        26       640    0.7259    0.7407    0.7801    0.6818  0.007307  0.003055   0.01342
   252/299     15.2G   0.01832  0.007538    0.0266   0.05245        31       640    0.7337    0.7394    0.7808    0.6824  0.007307  0.003055    0.0134
   253/299     15.2G   0.01827  0.007558   0.02593   0.05176        31       640    0.7342    0.7401    0.7812    0.6829  0.007305  0.003054   0.01338
   254/299     15.2G   0.01812  0.007604   0.02598    0.0517        22       640    0.7361    0.7397    0.7818    0.6834  0.007305  0.003054   0.01335
   255/299     15.2G   0.01826  0.007463   0.02639   0.05212        34       640    0.7361    0.7407    0.7825    0.6842  0.007305  0.003054   0.01333
   256/299     15.2G   0.01822  0.007427   0.02587   0.05152        44       640    0.7373    0.7406     0.783    0.6847  0.007304  0.003053   0.01331
   257/299     15.2G   0.01816  0.007403   0.02548   0.05104        34       640    0.7422    0.7376    0.7836    0.6852  0.007303  0.003053   0.01329
   258/299     15.2G   0.01813  0.007489   0.02509   0.05071        33       640    0.7438    0.7372    0.7843    0.6858  0.007303  0.003053   0.01327
   259/299     15.2G   0.01799  0.007439   0.02529   0.05072        33       640    0.7317    0.7447    0.7845    0.6861  0.007304  0.003053   0.01325
   260/299     15.2G   0.01797  0.007375   0.02548   0.05082        23       640    0.7337    0.7441    0.7852    0.6865  0.007303  0.003053   0.01323
   261/299     15.2G   0.01787   0.00745   0.02532   0.05065        26       640    0.7343    0.7447    0.7859    0.6872  0.007303  0.003053    0.0132
   262/299     15.2G   0.01801  0.007443   0.02533   0.05079        24       640    0.7337    0.7462    0.7864    0.6876  0.007303  0.003053   0.01318
   263/299     15.2G   0.01798  0.007419   0.02528   0.05068        18       640    0.7337     0.747    0.7869    0.6882  0.007304  0.003052   0.01316
   264/299     15.2G   0.01814  0.007407    0.0254   0.05095        37       640    0.7389    0.7426    0.7875    0.6888  0.007304  0.003052   0.01314
   265/299     15.2G   0.01813  0.007346   0.02512   0.05059        33       640      0.74    0.7432    0.7882    0.6894  0.007305  0.003052   0.01312
   266/299     15.2G   0.01784  0.007468   0.02501   0.05032        28       640    0.7462    0.7425    0.7888    0.6901  0.007306  0.003052    0.0131
   267/299     15.2G   0.01794   0.00729   0.02456   0.04979        37       640    0.7412    0.7436    0.7894    0.6907  0.007307  0.003052   0.01308
   268/299     15.2G    0.0179  0.007419   0.02533   0.05065        37       640    0.7217    0.7648      0.79    0.6913  0.007307  0.003052   0.01306
   269/299     15.2G   0.01828  0.007268     0.025   0.05054        23       640    0.7229    0.7649    0.7905    0.6918  0.007308  0.003052   0.01304
   270/299     15.2G   0.01769  0.007233    0.0247   0.04962        23       640    0.7226    0.7661     0.791    0.6922  0.007305  0.003052   0.01302
   271/299     15.2G   0.01788  0.007371   0.02502   0.05028        24       640     0.726    0.7635    0.7915    0.6926  0.007303  0.003052     0.013
   272/299     15.2G   0.01784  0.007262   0.02499   0.05009        40       640    0.7563    0.7405    0.7919    0.6929    0.0073  0.003052   0.01298
   273/299     15.2G   0.01771  0.007153   0.02474    0.0496        32       640    0.7612    0.7375    0.7926    0.6936  0.007298  0.003052   0.01296
   274/299     15.2G   0.01752  0.007281   0.02391   0.04871        35       640     0.762    0.7376    0.7932    0.6942  0.007295  0.003052   0.01294
   275/299     15.2G   0.01769  0.007187   0.02445   0.04932        30       640    0.7596    0.7405    0.7937    0.6946  0.007296  0.003052   0.01292
   276/299     15.2G   0.01776  0.007284   0.02448   0.04952        31       640    0.7617      0.74    0.7942    0.6951  0.007292  0.003052    0.0129
   277/299     15.2G   0.01783  0.007285   0.02458    0.0497        17       640    0.7383     0.757    0.7946    0.6953  0.007289  0.003052   0.01288
   278/299     15.2G   0.01778  0.007185   0.02473   0.04969        24       640    0.7633    0.7408     0.795    0.6959  0.007286  0.003052   0.01287
   279/299     15.2G   0.01787  0.007078    0.0243   0.04925        29       640    0.7646     0.741    0.7955    0.6964  0.007286  0.003053   0.01285
   280/299     15.2G    0.0176  0.007034   0.02375   0.04838        32       640    0.7586    0.7428    0.7959    0.6967  0.007284  0.003053   0.01283
   281/299     15.2G   0.01759  0.007193   0.02417   0.04895        21       640    0.7602    0.7423    0.7964    0.6973  0.007283  0.003053   0.01281
   282/299     15.2G   0.01746   0.00706   0.02354   0.04806        33       640    0.7587    0.7438    0.7969    0.6974  0.007281  0.003053   0.01279
   283/299     15.2G   0.01751  0.007082   0.02383   0.04842        31       640    0.7594    0.7437    0.7974     0.698   0.00728  0.003053   0.01277
   284/299     15.2G   0.01753  0.007157   0.02385   0.04854        23       640    0.7598    0.7434    0.7979    0.6985  0.007279  0.003053   0.01276
   285/299     15.2G   0.01756  0.007122   0.02343   0.04812        30       640    0.7604    0.7441    0.7986    0.6987  0.007279  0.003053   0.01274
   286/299     15.2G    0.0174  0.007004   0.02391   0.04831        39       640    0.7404     0.764    0.7991    0.6992  0.007277  0.003054   0.01272
   287/299     15.2G   0.01743  0.007086   0.02327   0.04779        36       640    0.7496    0.7556    0.7994    0.6996  0.007277  0.003054    0.0127
   288/299     15.2G   0.01783  0.007116   0.02353   0.04848        26       640     0.743    0.7632       0.8       0.7  0.007276  0.003054   0.01268
   289/299     15.2G   0.01737  0.006984   0.02329   0.04764        23       640    0.7439    0.7634    0.8005    0.7005  0.007276  0.003054   0.01266
   290/299     15.2G   0.01767  0.007188   0.02407   0.04892        33       640    0.7448    0.7634    0.8009     0.701  0.007275  0.003054   0.01265
   291/299     15.2G   0.01742  0.007055   0.02361   0.04809        26       640    0.7459    0.7625    0.8012    0.7008  0.007275  0.003054   0.01263
   292/299     15.2G   0.01722  0.007027   0.02319   0.04743        29       640    0.7338    0.7772    0.8016    0.7012  0.007275  0.003055   0.01261
   293/299     15.2G   0.01725  0.007096   0.02258   0.04692        24       640    0.7349    0.7771     0.802    0.7018  0.007275  0.003055   0.01259
   294/299     15.2G   0.01735  0.007098   0.02358   0.04803        40       640     0.736    0.7772    0.8026    0.7023  0.007275  0.003056   0.01258
   295/299     15.2G   0.01742  0.007047   0.02343    0.0479        18       640    0.7334    0.7807    0.8029    0.7026  0.007275  0.003056   0.01256
   296/299     15.2G   0.01701  0.007093   0.02303   0.04712        33       640    0.7379     0.777    0.8033    0.7028  0.007275  0.003056   0.01254
   297/299     15.2G   0.01723  0.006915   0.02344   0.04759        17       640    0.7385    0.7768    0.8037    0.7032  0.007276  0.003057   0.01253
   298/299     15.2G   0.01765  0.007053   0.02347   0.04817        25       640    0.7408    0.7758    0.8041    0.7038  0.007277  0.003057   0.01251
   299/299     15.2G   0.01757  0.007076   0.02359   0.04823        23       640    0.7417    0.7759    0.8046    0.7042  0.007277  0.003058   0.01249
